17201159174
3936199250
21310923144
82129186192
9521922322
1752402222
9820812536
23722815630
7319217930
502723412
71882527
17465152224
2191912527
317517862
348767
101211168219
1780178243
16514624192
1514711477
1019543181
841707120
177149190119
1552815567
6914566134
227143192
19618119125
237230182178
101211252166
1491288221
9099228201
124246219250
1817242194
221233159
1101212246
7813875
1559587122
13811411873
103216179101
24264203122
2441508168
117146203146
1031225269
200182244103
822216977
5030211130
87168156122
9517475196
7319628252
20159154252
12714210166
1278220422
16512413030
18418121451
1997515732
132628712
24212613797
6322115667
1813012778
13263122149
15612517822
195162114233
2376715548
243877122
126190138159
5675180175
149199133154
196219252192
20015621615
1502197142
1391277520
9865508
21915042127
187989750
45512185
48190635
13077201177
626688109
22120216121
9558216243
10275120187
13915024762
219192156221
9515564129
6311911480
103154162118
139166187185
6955062
1876642185
6622714465
737318565
24420168128
2248712495
19911975252
2431759563
15662162243
2552558439
2521421232
213147510
17411914458
583017451
1951392423
5618421686
12620120151
18252181228
198101786
1751991422
1715028199
2002301061
2556284175
1849812371
62125228185
17524338119
118989812
80150123185
981623436
6219630208
19925218611
2333213030
165103186142
201162221121
8713775180
2529510495
421304362
199118208252
7124420810
49821486
12714925528
137174812
181147104168
255101119177
6412324432
88695867
12277204156
16824350192
6910220562
13922410137
671120510
18680201144
219185191156
20316613850
18648221244
13783241
88139147250
10422787196
180122247252
9713967179
1176537199
1751101144
95246114158
19924445142
19496180219
2428213895
6966240191
2361681111
6711190228
1805930124
1381775149
149777221
20843015
694887192
22462146156
1457117545
110551365
216133246103
244155150170
183020348
25210439150
1463211174
194123166237
122134149130
90669063
676682157
9758840
4914524230
13475128211
22113911020
2335230174
7169221181
16679811
192223567
846915445
23039138120
2229512
98182201156
712413422
23013013986
582440185
13915627128
17139205166
224199136191
18011810298
252147142139
7230233192
826719975
18018166122
114252240242
199519011
7180128121
73190192198
881468282
8417149156
15675203244
13419212937
18711064175
6667144243
127130138236
48872305
195118200137
185136228170
17821634139
18501565
1047718595
13021619296
1764136236
2295180203
18020144155
21914919622
8717827166
12417095224
170138216
2010480204
19673119234
1243236205
149190201181
186180787
2371125599
7150101130
149124203172
62142236242
2361599550
12365145142
392432205
21623722195
17514423125
19611411200
104134117156
24412475216
1222212122
1587242120
18012610162
122146180118
2141398838
19410462136
8458139205
1807717892
1751375192
13924298243
199237788
73180208242
145577192
196183132192
171041886
157080175
16543224126
13412617478
722192158
221142101192
1813369145
1868242139
18665216156
19818345252
86224132119
201797380
22112201130
9525275219
175142228
2029922150
1597724636
224242223192
21612215549
233342882
149545247
25224611951
16814711144
14724642185
75662862
12125150172
252125102252
18110624146
219342179
506517871
323615522
21914515218
103180172185
75179758
18411015109
17477187175
177532147
88182823
11713911242
6424319998
237656195
88185221230
152149221186
1966322788
121048749
10111918180
1991660188
144106221174
563124252
11415911498
66194195186
90185154150
155108677
2303612180
23395142152
1877145175
71030156
1248892208
2432281273
2216516215
242668765
15213182125
20124122240
138179243224
2087241124
14615920195
168184230219
122122124174
255146157200
98221122110
17913667186
149191177121
221199186138
4849127240
10412524097
124237101241
16820165132
214246566
19612436205
17921412111
15814920156
1994536122
13821120071
22416213882
671345180
17467125185
1886510934
187159528
1015187110
13816618322
2283271158
122104205165
216119241191
228184103223
1341112250
14916613417
7814971156
219119109104
122174109202
124255216137
951722863
9918411949
75150712
168223134201
24310355122
66119149159
157170165224
2211082178
19813015636
12222415548
8215665221
1872812538
18230168165
8419914590
51230168205
25288156243
22712250244
59095126
20113887158
181159187
15242168187
5622724455
14517566162
1011569742
17201159174
3936199250
21310923144
82129186192
9521922322
1752402222
9820812536
23722815630
7319217930
502723412
71882527
17465152224
2191912527
317517862
348767
101211168219
1780178243
16514624192
1514711477
1019543181
841707120
177149190119
1552815567
6914566134
227143192
19618119125
237230182178
101211252166
1491288221
9099228201
124246219250
1817242194
221233159
1101212246
7813875
1559587122
13811411873
103216179101
24264203122
2441508168
117146203146
1031225269
200182244103
822216977
5030211130
87168156122
9517475196
7319628252
20159154252
12714210166
1278220422
16512413030
18418121451
1997515732
132628712
24212613797
6322115667
1813012778
13263122149
15612517822
195162114233
2376715548
243877122
126190138159
5675180175
149199133154
196219252192
20015621615
1502197142
1391277520
9865508
21915042127
187989750
45512185
48190635
13077201177
626688109
22120216121
9558216243
10275120187
13915024762
219192156221
9515564129
6311911480
103154162118
139166187185
6955062
1876642185
6622714465
737318565
24420168128
2248712495
19911975252
2431759563
15662162243
2552558439
2521421232
213147510
17411914458
583017451
1951392423
5618421686
12620120151
18252181228
198101786
1751991422
1715028199
2002301061
2556284175
1849812371
62125228185
17524338119
118989812
80150123185
981623436
6219630208
19925218611
2333213030
165103186142
201162221121
8713775180
2529510495
421304362
199118208252
7124420810
49821486
12714925528
137174812
181147104168
255101119177
6412324432
88695867
12277204156
16824350192
6910220562
13922410137
671120510
18680201144
219185191156
20316613850
18648221244
13783241
88139147250
10422787196
180122247252
9713967179
1176537199
1751101144
95246114158
19924445142
19496180219
2428213895
6966240191
2361681111
6711190228
1805930124
1381775149
149777221
20843015
694887192
22462146156
1457117545
110551365
216133246103
244155150170
183020348
25210439150
1463211174
194123166237
122134149130
90669063
676682157
9758840
4914524230
13475128211
22113911020
2335230174
7169221181
16679811
192223567
846915445
23039138120
2229512
98182201156
712413422
23013013986
582440185
13915627128
17139205166
224199136191
18011810298
252147142139
7230233192
826719975
18018166122
114252240242
199519011
7180128121
73190192198
881468282
8417149156
15675203244
13419212937
18711064175
6667144243
127130138236
48872305
195118200137
185136228170
17821634139
18501565
1047718595
13021619296
1764136236
2295180203
18020144155
21914919622
8717827166
12417095224
170138216
2010480204
19673119234
1243236205
149190201181
186180787
2371125599
7150101130
149124203172
62142236242
2361599550
12365145142
392432205
21623722195
17514423125
19611411200
104134117156
24412475216
1222212122
1587242120
18012610162
122146180118
2141398838
19410462136
8458139205
1807717892
1751375192
13924298243
199237788
73180208242
145577192
196183132192
171041886
157080175
16543224126
13412617478
722192158
221142101192
1813369145
1868242139
18665216156
19818345252
86224132119
201797380
22112201130
9525275219
175142228
2029922150
1597724636
224242223192
21612215549
233342882
149545247
25224611951
16814711144
14724642185
75662862
12125150172
252125102252
18110624146
219342179
506517871
323615522
21914515218
103180172185
75179758
18411015109
17477187175
177532147
88182823
11713911242
6424319998
237656195
88185221230
152149221186
1966322788
121048749
10111918180
1991660188
144106221174
563124252
11415911498
66194195186
90185154150
155108677
2303612180
23395142152
1877145175
71030156
1248892208
2432281273
2216516215
242668765
15213182125
20124122240
138179243224
2087241124
14615920195
168184230219
122122124174
255146157200
98221122110
17913667186
149191177121
221199186138
4849127240
10412524097
124237101241
16820165132
214246566
19612436205
17921412111
15814920156
1994536122
13821120071
22416213882
671345180
17467125185
1886510934
187159528
1015187110
13816618322
2283271158
122104205165
216119241191
228184103223
1341112250
14916613417
7814971156
219119109104
122174109202
124255216137
951722863
9918411949
75150712
168223134201
24310355122
66119149159
157170165224
2211082178
19813015636
12222415548
8215665221
1872812538
18230168165
8419914590
51230168205
25288156243
22712250244
59095126
20113887158
181159187
15242168187
5622724455
14517566162
1011569742
2911883251
19775926
264743130
11272170249
227159145132
18559185221
2319015976
435823398
2491307445
021921193
76105213153
22791120150
14016445212
2215878161
1201941537
21937193246
102159187162
20079107134
6818194118
11423325100
38147163220
14022718150
125145221
145140165177
1407922783
249226152227
7910767159
26169072
134251184
15121151212
2004568218
967212184
1274415246
90107170176
1971659148
23323315255
31120193218
12025514272
32165130134
16291153181
24323311647
109166177229
23315383241
13012121181
24212418155
151134545
142123124245
9425044233
2121605518
29199207176
12158219107
1142345242
79239153176
177454396
201537170
20845233199
434515108
1669458250
250130206105
233205107154
23396121102
78109243212
10218125129
4719311861
23991150246
4358165242
10765170216
2391305332
1702125097
22712113298
9645113233
2211877249
250181130166
793251100
15372647
1626512115
6721622211
4521113074
141112243190
10513872193
1051572141
25514196206
010025515
26226219121
11815127194
23591435
181859883
165177156207
17022654162
17711865132
6813496227
1621581615
419201138
14714140201
233165154253
19318187134
24067220150
8716372170
712122192
121118170134
499130199
1655993243
4813248134
117161118138
3683165121
185102121195
1819387127
8145159183
2271307215
192535518
24119474250
15130176246
218220726
2265814094
108315867
2313043117
1801439668
239167198
1211347940
9659233153
11716130156
226422218
88107100176
4516198249
1406743246
748314779
11816138124
130107151165
13617015240
7812192245
83212153221
21679153156
22713022796
105233197201
231563699
1871953141
242227124187
166134113216
2058132182
14013424359
8316265136
7443219233
7253212165
83155105194
4321214236
212686855
23953112124
105105154233
227140187250
13016015912
8743205249
6724513876
1531896227
2372199249
1832294253
1022073726
29946865
2626227241
11817016129
19929121249
23249100109
154130194142
74159212151
24248162164
4823912093
6711423158
22811642228
1982931159
1510783112
59848226
18158116250
20710722753
1302553199
17011772142
1979194185
411867121
5335164145
228455154
2292291212
522922126
24967158212
710022723
14314518716
728497155
14048105161
24320510759
193681433
16724878
43124250212
9315913042
717072242
10759246124
15221137205
22768218241
11783249152
831815212
18112249219
154917667
228117248115
19324919958
825313074
185105194151
24921298102
481424892
113162224212
151250229156
1001615955
2184253141
165249227221
83245141194
1649112145
2553176201
832126798
154212170189
14318197170
13011815943
901241298
67170130176
254255208182
94127132185
25522724668
98766783
1501918172
408321636
9055105116
14322723350
22051251156
15114116184
166385379
182539053
165166154101
187233198241
19316112142
23922710518
10225068136
11616393224
323255190
112154124219
2331591698
3622183212
15020719883
1324597249
20013022483
6724659193
15324610592
1655322167
1610217035
12415218165
1622932145
213102100130
7413031102
2121173293
938867121
1820683181
1165910598
3793221102
1220199226
76241246221
21919417079
24912787151
189211160193
2079367140
16323322115
2511592177
1552323353
23310591170
362953145
122334829
2322812084
1071625348
21959114234
1510172185
151170142211
17615178227
100187235
25185206130
21147121136
165145192166
19227156199
12026140253
17014014159
1229219192
4015540183
1247611565
26228130152
130331229
1761454767
176113156227
166234121227
19324625329
8318911645
19313045226
2552332267
2464524658
11719718198
1561561620
180205227227
176203254154
20772219162
15655348
8314187212
249726132
611177243
351624187
21315299153
212653211
1502638181
1598322667
21335170166
43182211105
143141233159
753199227
1309398199
192140153182
8398229141
672296918
22725072142
10021355163
16020337159
11367158141
22783145250
1001162323
176547253
24637227164
788323972
7162145107
16217747240
1605918396
48691551
1760212159
335112187
226216212127
89088255
981306867
25013061117
2953138134
1942355567
1949855127
6813624879
120250113185
48721624
0108187219
1542192512
961702312
9814076226
188347107
1275512145
140123240107
53203187140
143682916
2267124228
023383142
134239248100
90143218176
140105212199
1136736199
9820715912
246211170138
25205123170
32453167
743170224
216977953
13016525043
12018945132
4747208253
145166783
158233207121
2213416367
153117250164
15245102107
53245221112
2503615590
45199199176
21696161155
2414519448
21655829
250153116227
19425113069
97162246227
241170181194
531932480
212105123177
24215378170
5538130141
165166123
93164228241
26248101158
185159100123
12493221107
72166162213
21212200121
18118724267
170229208170
2619845113
10523415597
229481507
1126512227
15568158108
94207203107
83904550
5523319926
18124950234
53198127233
130189176140
3713619278
2335319926
23155211112
164799092
10923145250
10025048187
2271235243
94190194241
2359219912
182193102212
7856778
1078337250
11621259158
224120187241
782203668
86854154
8867228182
229219241200
201164159121
16414110983
1058193170
233162181229
2531582953
4537234145
124219194164
78250158117
525079227
916714188
832978198
230132193
69124180243
98189177132
1982295160
4317015496
239212183141
20610518399
10743162207
511883199
10510053140
212154233200
5424321383
2077223190
1811415384
153250121130
20121855218
6722824276
9413018283
118153176195
535555118
15932115219
228242101212
8226170181
14112748201
20718783164
2431057258
233683519
255162249250
9112167159
501524268
2286712172
192214896
15025023227
20113447147
2466511623
25162241227
124022250
21226234218
140118241183
1611022992
2696243145
2331851170
7948102203
138176229212
16624122723
251140254181
2199036107
14515124102
1701629753
1621386818
21372229112
1532065384
14123968255
145107182255
4050212180
2516610561
0235130250
1341599797
2511428850
18047140143
961938177
511767912
1219429102
11717088212
7223544107
219250255156
21853246241
724321648
24624991194
2182492225
23522227243
76221199142
176213153220
16415890123
12227212105
8748829
10769150234
31177250226
23160130143
130019165
1839844212
11619419326
19967153221
13458153200
1601022418
53245134156
19968108233
195219180221
2484548141
13219959220
145226915
14015423132
21283194221
14579459
2481704347
246141170141
190164249107
4512119853
2122325059
25134211121
1949418778
19920713067
1432010142
1581541635
20510783197
20710572121
98153143112
13886153
22793143246
311099812
2551437979
16510731134
108251121211
19561212109
1421241817
13614323115
9025511423
212105180162
1402921240
2393869159
29597185
121117123108
6715911267
1653523559
3213412160
839320516
165145251250
7431115155
14113811267
164213165233
170835987
211832249
9910812208
2612112180
249181233155
246130500
535567112
11715229152
21835113233
6122922898
101140836
3144212235
250227158102
31242170248
118113155162
584848134
21283141227
1541801157
2082392486
11815916237
170935219
401416747
5924176130
2524667246
43118159121
152552368
141198121185
13022918029
2067820023
942556588
134130155203
19714583140
83221160155
7210922745
25596159218
1815469228
2002263622
11224524122
15215125083
1631364590
4524655213
72615991
49122423
152253112246
5810872212
1405312193
162221130212
4796723
741874592
836831253
65237132
255143130145
24624972189
10224124944
11219959112
101164162170
97241166107
14014110816
109158159177
1954883107
6798194109
19950234195
72233229127
16022612174
488367140
2419832121
246819578
71872512
2481387651
155100610
15890476
145250195201
14059235183
16226208182
213821269
15924619897
5517011396
55198107121
1095510519
130143226164
25316512150
109227176123
7154193161
2414083138
1202122676
1510011223
121261558
250132112218
16986858
261877945
153253212134
115105260
67266731
53107198227
11558116226
11299227193
6922714148
180233150118
14525321118
267813467
16617088142
235310145
1008311561
1991941974
242105245245
5120551180
1054783195
241181101130
12448132199
2316368152
22724820812
20124690248
20120512142
219243159132
4214210047
10010213818
23311883207
18719922629
1825412067
25124921215
17022820040
241165170145
24311755218
22721225029
25545246100
240115142233
10113068100
12768194108
5567166193
1202486796
45788347
245164142116
1942123170
18221825109
23314269220
431415523
7210719879
10224622228
15453623
22611513653
5319461206
20324825012
17621313854
1936228107
53105140124
11415020883
21867152105
18217623253
1637612496
246212107250
11590193112
9822824679
212138227120
23145189241
434888182
19517048199
233249241226
15296226107
721990117
11222417623
11512172221
141249100159
130372393
14118513093
477221272
185798472
18525045221
246180147177
5418113868
24172141141
7283117181
45219228246
4598102153
7156243207
15814322726
419999240
13022799213
1329054245
659616584
159013426
17021318229
3116215218
25524825176
1652334898
65312172
68220212142
98151233151
12324129130
130130183145
9243120107
1932298322
234118200158
98138100151
15820729219
1821622248
16510220096
476197219
2125910255
832131415
154219108153
240653248
6711415896
01814747
1549825383
198947672
105130254250
142102372
7811398241
84251251249
151401700
15498130112
